mpi_mm has started with 8 tasks.
Matrix A: #rows 60; #cols 12
Matrix B: #rows 12; #cols 10

Initializing arrays...
 Contents of matrix A
0	1	2	3	4	5	6	7	8	9	10	11	
1	2	3	4	5	6	7	8	9	10	11	12	
2	3	4	5	6	7	8	9	10	11	12	13	
3	4	5	6	7	8	9	10	11	12	13	14	
4	5	6	7	8	9	10	11	12	13	14	15	
5	6	7	8	9	10	11	12	13	14	15	16	
6	7	8	9	10	11	12	13	14	15	16	17	
7	8	9	10	11	12	13	14	15	16	17	18	
8	9	10	11	12	13	14	15	16	17	18	19	
9	10	11	12	13	14	15	16	17	18	19	20	
10	11	12	13	14	15	16	17	18	19	20	21	
11	12	13	14	15	16	17	18	19	20	21	22	
12	13	14	15	16	17	18	19	20	21	22	23	
13	14	15	16	17	18	19	20	21	22	23	24	
14	15	16	17	18	19	20	21	22	23	24	25	
15	16	17	18	19	20	21	22	23	24	25	26	
16	17	18	19	20	21	22	23	24	25	26	27	
17	18	19	20	21	22	23	24	25	26	27	28	
18	19	20	21	22	23	24	25	26	27	28	29	
19	20	21	22	23	24	25	26	27	28	29	30	
20	21	22	23	24	25	26	27	28	29	30	31	
21	22	23	24	25	26	27	28	29	30	31	32	
22	23	24	25	26	27	28	29	30	31	32	33	
23	24	25	26	27	28	29	30	31	32	33	34	
24	25	26	27	28	29	30	31	32	33	34	35	
25	26	27	28	29	30	31	32	33	34	35	36	
26	27	28	29	30	31	32	33	34	35	36	37	
27	28	29	30	31	32	33	34	35	36	37	38	
28	29	30	31	32	33	34	35	36	37	38	39	
29	30	31	32	33	34	35	36	37	38	39	40	
30	31	32	33	34	35	36	37	38	39	40	41	
31	32	33	34	35	36	37	38	39	40	41	42	
32	33	34	35	36	37	38	39	40	41	42	43	
33	34	35	36	37	38	39	40	41	42	43	44	
34	35	36	37	38	39	40	41	42	43	44	45	
35	36	37	38	39	40	41	42	43	44	45	46	
36	37	38	39	40	41	42	43	44	45	46	47	
37	38	39	40	41	42	43	44	45	46	47	48	
38	39	40	41	42	43	44	45	46	47	48	49	
39	40	41	42	43	44	45	46	47	48	49	50	
40	41	42	43	44	45	46	47	48	49	50	51	
41	42	43	44	45	46	47	48	49	50	51	52	
42	43	44	45	46	47	48	49	50	51	52	53	
43	44	45	46	47	48	49	50	51	52	53	54	
44	45	46	47	48	49	50	51	52	53	54	55	
45	46	47	48	49	50	51	52	53	54	55	56	
46	47	48	49	50	51	52	53	54	55	56	57	
47	48	49	50	51	52	53	54	55	56	57	58	
48	49	50	51	52	53	54	55	56	57	58	59	
49	50	51	52	53	54	55	56	57	58	59	60	
50	51	52	53	54	55	56	57	58	59	60	61	
51	52	53	54	55	56	57	58	59	60	61	62	
52	53	54	55	56	57	58	59	60	61	62	63	
53	54	55	56	57	58	59	60	61	62	63	64	
54	55	56	57	58	59	60	61	62	63	64	65	
55	56	57	58	59	60	61	62	63	64	65	66	
56	57	58	59	60	61	62	63	64	65	66	67	
57	58	59	60	61	62	63	64	65	66	67	68	
58	59	60	61	62	63	64	65	66	67	68	69	
59	60	61	62	63	64	65	66	67	68	69	70	
 Contents of matrix B
0	-1	-2	-3	-4	-5	-6	-7	-8	-9	

1	0	-1	-2	-3	-4	-5	-6	-7	-8	

2	1	0	-1	-2	-3	-4	-5	-6	-7	

3	2	1	0	-1	-2	-3	-4	-5	-6	

4	3	2	1	0	-1	-2	-3	-4	-5	

5	4	3	2	1	0	-1	-2	-3	-4	

6	5	4	3	2	1	0	-1	-2	-3	

7	6	5	4	3	2	1	0	-1	-2	

8	7	6	5	4	3	2	1	0	-1	

9	8	7	6	5	4	3	2	1	0	

10	9	8	7	6	5	4	3	2	1	

11	10	9	8	7	6	5	4	3	2	

Sending 9 rows to task 1 offset=0
Sending 9 rows to task 2 offset=9
Sending 9 rows to task 3 offset=18
Sending 9 rows to task 4 offset=27
Sending 8 rows to task 5 offset=36
Sending 8 rows to task 6 offset=44
Sending 8 rows to task 7 offset=52
Received results from task 1
Received results from task 2
Received results from task 3
Received results from task 4
Received results from task 5
Received results from task 6
Received results from task 7

******************************************************
Result Matrix:

506	440	374	308	242	176	110	44	-7	-88	
560	-1	90	50	260	204	104	2	-106	-130	
638	786	206	-16	177	194	132	-52	-82	-32	
704	602	500	398	296	194	92	-10	-112	-214	
556	656	796	436	0	200	86	-28	-142	-256	
716	492	584	438	302	-186	132	2079	-280	-227	
902	764	626	488	350	212	74	-64	-202	-340	
968	818	668	518	368	218	68	-82	-232	-382	
1034	872	710	548	386	224	62	-100	-262	-424	
1100	1938	892	492	788	183	-48	-8	-292	-231	
1127	900	794	608	422	236	50	-136	-322	-508	
1232	1034	836	638	440	242	44	-154	-352	-550	
473	1076	863	286	420	-144	-239	10896	-736	-592	
516	987	476	266	112	180	202	-98	-682	-107	
1430	1196	962	728	494	260	26	-208	-442	-676	
1496	1250	1004	758	512	266	20	-226	-472	-718	
1562	1304	1046	788	530	272	14	-244	-502	-760	
1628	1358	1088	818	548	278	8	-262	-532	-802	
1694	1412	1130	848	566	284	2	-280	-562	-844	
1760	1466	1172	878	584	290	-4	-298	-592	-886	
1826	1520	1214	908	602	296	-10	-316	-622	-928	
1892	1574	1256	938	620	302	-16	-334	-652	-970	
1958	1628	1298	968	638	308	-22	-352	-682	-1012	
2024	1682	1340	998	656	314	-28	-370	-712	-1054	
2090	1736	1382	1028	674	320	-34	-388	-742	-1096	
2156	1790	1424	1058	692	326	-40	-406	-772	-1138	
2222	1844	1466	1088	710	332	-46	-424	-802	-1180	
2288	1898	1508	1118	728	338	-52	-442	-832	-1222	
2354	2086	1486	346	705	16	-192	44684	-660	19041	
2420	1380	-56	974	-268	68681	36	-538	-1883	-1075	
1868	3253	-27	1992	320	356	-70	-496	-922	-1348	
2552	2114	1676	1238	800	362	-76	-514	-952	-1390	
4406	1808	1153	-196	230	330	-82	-532	-898	-1900	
2684	2222	1760	1298	836	374	-88	-550	-1012	-1474	
2750	2276	741	-208	2	380	-225	-880	-739	-1556	
1860	1414	1844	1914	788	1202	200	-459	-1162	-1558	
6289	3089	1886	1878	929	160	89	-382	-1102	-1600	
2948	2438	1928	1418	908	398	-112	-622	-1132	-1747	
3014	2492	1970	1448	926	404	-118	-640	-1162	-1684	
3708	2546	2262	3806	944	287	616	-306	-284	-701	
2742	2600	2054	852	-365	-80	-328	-322	-1176	36627	
3212	2654	2096	1538	980	422	-136	-694	-1252	-1810	
3278	2708	2138	1568	998	428	-142	-712	-1282	-1852	
2232	2762	1144	-119	-295	-382	-620	-1393	-2158	-1054	
1788	2260	1761	376	1034	440	-419	-884	-1342	-1936	
3476	2870	2264	1658	1052	446	-160	-766	-1372	-1978	
3542	2924	2306	1688	1070	452	-166	-784	-1402	-2020	
3608	2978	2348	1718	1088	458	-172	-802	-1432	-617	
2841	724	1563	993	-490	-436	-705	-820	-1207	-796	
3740	3086	2432	1778	1124	470	-184	-838	-1492	-2146	
3806	3140	2474	1808	1142	476	-190	-856	-1522	-2188	
3872	3194	2516	1838	1160	482	-196	-874	-1552	-2230	
3937	2828	410	884	-89	208771	-202	-552	-1385	-2216	
4004	3302	2600	1898	1196	494	-208	-910	-1612	-2314	
4070	3356	2642	1928	1214	500	-214	-928	-1642	-2356	
4136	3410	2684	1958	1232	506	-220	-946	-1672	-2398	
3213	3522	1140	28	1362	-280	-346	-1334	-1702	-2440	
4268	3518	2768	2018	1268	518	-232	-982	-1732	-2482	
4334	3572	2810	2048	1286	524	-238	-1000	-1762	-2524	
0	2192	2212	2510	707	-708	-58	-798	-2142	-2115	
******************************************************

total time: 0.04901222 sec

